0.148803
-0.253896
1.4875
-0.515106
0.442664
-1.76674
0.00731388
-1.50553
-0.308315
-0.0253374
-0.950456
-0.885154
-1.00487
0.584153
2.98946
-1.3205
-1.14636
-1.34227
2.33644
1.03039
0.214105
2.55411
0.290291
-0.428036
-0.232129
-0.70013
-0.340966
0.986851
-0.515106
0.420896
1.40043
-0.0362211
-0.417152
0.486199
-0.983107
-0.428036
-0.26478
0.540618
-0.972224
-1.26608
2.80444
-0.0362211
0.148803
-1.53818
-0.101524
0.703874
0.268524
-0.460687
-0.221245
0.268524
-0.5042219999999999
-1.41846
-0.297431
-0.210361
-0.939572
2.6303
-0.243012
-0.808967
-0.493339
1.12834
0.660339
0.0617326
0.9759679999999999
0.0617326
-0.580409
-0.0362211
-0.210361
2.28202
-0.830735
0.703874
-0.17771
2.98946
-1.11371
-0.155942
0.823595
-0.0579886
0.671223
0.148803
0.246756
-0.199477
0.823595
-0.950456
0.279408
-0.0797561
0.127035
-1.40757
0.43178
-1.90823
0.214105
0.105268
-0.87427
-0.819851
0.246756
0.127035
-0.26478
2.20583
0.17057
-0.754549
0.0508489
1.4875
-1.00487
-0.993991
0.137919
0.638571
0.137919
-0.0906399
0.192338
0.0181976
-1.07018
1.08481
1.03039
1.57457
-0.471571
-0.340966
0.181454
0.801828
-0.166826
-1.90823
1.60723
-0.35185
2.15141
0.769176
-0.340966
2.98946
2.42351
0.00731388
-0.0144536
1.34602
-1.84292
-0.689246
-0.286547
1.7596
-0.43892
0.540618
-0.52599
-0.275664
-0.232129
-0.319199
-0.330082
0.8997810000000001
-0.210361
1.15011
2.98946
0.224989
-0.210361
-0.634827
-1.53818
-0.253896
1.22629
-0.297431
-0.87427
1.32425
-1.15725
0.790944
-0.896037
-1.54906
-0.5586410000000001
2.98946
-0.43892
1.16099
-0.417152
0.714758
0.649455
-0.536874
0.747409
-0.123291
-0.395385
0.888898
0.0617326
0.0726164
-0.373617
-0.395385
0.137919
1.87932
-0.515106
-0.145059
2.98946
-0.917805
-0.26478
1.40043
-0.384501
-1.20078
-1.54906
-0.123291
-0.145059
1.47662
0.17057
-0.35185
2.98946
-0.232129
-0.373617
-0.906921
-0.145059
0.0399651
-0.286547
0.540618
0.0508489
-0.0797561
-0.656595
1.67253
-0.591292
-0.384501
-1.07018
0.0290814
-1.2552
-0.00356987
-0.319199
-0.70013
-0.0906399
0.235873
0.08350009999999999
-1.66878
1.18276
-0.798084
0.86713
1.50927
-0.188594
0.116151
-1.49464
-0.0688724
-0.0688724
-0.166826
-0.896037
-0.166826
-0.112407
1.07392
1.34602
0.192338
-0.145059
-0.602176
2.98946
-0.406269
0.203221
0.00731388
0.203221
-1.03753
-0.395385
0.268524
0.268524
-1.57083
-0.188594
1.34602
-0.819851
0.616804
-0.373617
-0.145059
-0.0362211
-0.0906399
-0.210361
0.399129
-0.634827
-0.275664
-0.340966
-0.983107
2.98946
1.46574
-1.26608
2.31467
-0.776316
0.148803
-1.69055
-0.950456
-0.243012
-1.52729
0.0399651
1.15011
2.08611
2.04258
-0.819851
-0.471571
-0.123291
-1.63613
0.9759679999999999
0.0290814
-0.993991
-1.08106
-0.0579886
-1.02664
-0.841619
-0.0688724
-0.340966
-1.34227
0.08350009999999999
-0.0906399
0.986851
0.224989
-0.515106
0.595036
1.10657
-0.5695249999999999
-0.939572
-1.09194
-0.286547
-0.993991
0.60592
-0.0579886
-0.70013
-0.754549
0.301175
-0.35185
-0.6239440000000001
-0.580409
0.943316
-1.3205
0.192338
-0.6239440000000001
0.127035
0.268524
0.638571
-0.275664
-0.26478
-0.776316
0.671223
2.98946
-1.39669
0.246756
-0.297431
-0.460687
0.268524
-0.112407
-1.27697
-0.449804
-0.243012
-0.00356987
2.98946
-1.01576
-0.221245
0.0726164
0.148803
-0.972224
1.18276
0.268524
-0.0579886
-0.17771
-0.515106
-0.373617
1.52016
-1.17901
0.0508489
-0.35185
-0.210361
-1.22255
-0.5586410000000001
1.13922
-0.330082
0.246756
-0.645711
-1.34227
0.09438390000000001
0.00731388
-1.52729
2.48881
0.0290814
1.16099
-0.0906399
-1.15725
-1.16813
-0.275664
-0.406269
-0.0906399
-0.830735
-0.917805
-0.188594
0.0617326
-0.798084
2.98946
-0.580409
-0.0579886
-1.02664
-0.591292
0.137919
0.0508489
-1.17901
-0.275664
0.0726164
-0.0471049
0.0617326
-0.645711
-0.417152
-0.950456
-0.7872
0.497083
-0.547757
2.98946
0.932433
-0.754549
-0.330082
0.442664
-0.308315
-0.667479
0.453548
0.823595
-1.69055
0.159686
-0.123291
-0.993991
-0.101524
-0.319199
-1.05929
0.0726164
-1.13548
-0.449804
-0.5586410000000001
-0.885154
-0.678362
-0.330082
0.203221
0.0399651
-0.35185
-1.30962
-0.0144536
-0.362734
0.584153
1.36778
-0.00356987
-0.830735
0.116151
-0.754549
-1.02664
0.17057
0.997735
-0.87427
-0.43892
2.98946
-0.711014
-0.754549
0.0617326
2.82621
0.235873
0.214105
-1.02664
-0.471571
0.420896
-0.928689
-0.0579886
-0.319199
-1.66878
-0.547757
-0.0253374
0.0181976
-0.449804
0.845363
-1.66878
-0.689246
0.769176
-0.243012
0.08350009999999999
0.09438390000000001
0.0290814
0.497083
-0.863386
1.63988
-0.221245
1.31336
0.714758
