-0.415309 0.585268 -0.914193 -0.260295 -1.07955 0.465096 0.06828679999999999 0.763896 -0.636879 -0.750294 0.250612 0.429277 -0.758979
-0.327088 -0.487721 -0.4361 -0.260295 -0.132954 -1.08106 -1.127 0.00368684 -0.636879 -0.596516 1.11539 -0.722895 -0.133528
-0.412466 -0.487721 -1.30483 -0.260295 -0.809092 1.16705 -0.504601 1.07737 -0.751767 -1.09925 0.120896 0.442999 -1.02343
-0.383464 -0.487721 -0.179562 -0.260295 -0.08224380000000001 -0.472169 0.520939 0.0994593 -0.636879 -0.61426 -0.008820710000000001 0.376012 0.795554
-0.413828 -0.487721 -0.968124 -0.260295 -0.885158 0.47972 -0.43741 0.307543 -0.751767 -0.951388 0.034418 0.393299 -0.855525
0.733513 -0.487721 1.01567 -0.260295 1.17706 -0.5545949999999999 0.329976 -1.0844 1.66088 1.5268 0.769477 -0.191647 2.42425
-0.410672 -0.487721 -1.03226 -0.260295 -0.369603 -0.545289 0.008168949999999999 -0.515029 -0.521991 -0.6615760000000001 -0.787118 0.403347 -0.420368
1.34571 -0.487721 1.01567 -0.260295 1.57429 -0.155759 1.11504 -0.88831 1.66088 1.5268 0.769477 -3.74454 1.93172
-0.410176 0.41359 -0.8005 -0.260295 -0.969675 -0.407026 -0.80519 1.43397 -0.636879 -0.975047 -0.700641 0.428521 0.112735
-0.41516 1.76556 -0.847143 -0.260295 -1.25703 0.0609422 -0.8087259999999999 1.6721 -0.407103 -0.67932 -0.787118 0.442999 -0.705808
0.872176 -0.487721 1.01567 -0.260295 0.965771 -1.81226 1.11504 -1.23899 1.66088 1.5268 0.769477 0.442999 3.09587
-0.390958 -0.487721 -0.615384 -0.260295 -0.89361 -1.15684 0.948836 0.98629 -0.751767 -1.03419 -0.225014 0.442999 2.54178
0.722683 -0.487721 1.01567 -0.260295 0.991126 0.697751 1.07261 -1.15189 1.66088 1.5268 0.769477 0.442999 1.20273
0.970278 -0.487721 1.01567 -0.260295 0.889705 -0.878982 1.11504 -1.18638 1.66088 1.5268 0.769477 -0.257229 -0.0719619
0.541579 -0.487721 1.01567 3.61372 0.965771 -0.524018 0.747265 -1.26012 1.66088 1.5268 0.769477 -0.086629 -0.526708
2.59827 -0.487721 1.01567 -0.260295 1.05874 -1.28314 0.729583 -1.0147 1.66088 1.5268 0.769477 -2.4692 1.95831
1.32781 -0.487721 1.01567 -0.260295 0.509377 -1.28314 1.01956 -0.79993 1.66088 1.5268 0.769477 -0.0693421 1.71624
1.24755 -0.487721 1.01567 -0.260295 1.23623 -1.84683 1.11504 -1.04218 1.66088 1.5268 0.769477 0.183911 2.5152
-0.418712 3.37504 -1.07599 -0.260295 -1.35 1.57519 -1.21187 1.20717 -0.751767 -0.969132 -1.08979 0.328905 -1.33406
-0.409325 1.22906 -0.688264 -0.260295 -0.902061 0.777518 -0.907744 0.226793 -0.636879 -0.909987 -0.354731 0.442999 -1.35225
-0.401371 0.45651 -0.768432 -0.260295 -1.03729 0.217818 -0.684954 1.91345 -0.292215 -0.460482 0.293851 0.203251 -0.437158
-0.413369 0.37067 -1.13721 3.61372 -0.936713 1.82912 -0.663736 0.674426 -0.521991 -1.13474 -1.52218 0.228749 -1.34805
-0.401637 0.37067 -0.608096 -0.260295 -0.758382 -0.0387669 -1.84487 0.30342 -0.751767 -1.09334 0.0776568 0.442999 -0.84713
-0.39388 -0.487721 -0.37488 -0.260295 -0.285085 0.180593 0.598738 -0.508964 -0.521991 -0.141097 1.07215 -3.08029 -0.281845
-0.405306 -0.487721 -0.163528 -0.260295 -0.0568886 -0.528006 0.163768 -0.6213689999999999 -0.407103 0.142801 -0.268253 -0.186569 0.381385
-0.113804 -0.487721 -0.179562 -0.260295 -0.08224380000000001 -1.72319 -1.08456 -0.601514 -0.636879 -0.61426 -0.008820710000000001 -0.0588619 -0.000601665
-0.415406 2.94584 -1.13137 -0.260295 -1.3162 -0.64101 -1.3215 1.33768 -0.636879 -0.41908 -1.00331 0.442999 -0.336414
-0.418835 3.80424 -1.43018 -0.260295 -1.20632 0.726999 -0.98908 2.14959 -0.521991 -0.898158 -1.4357 0.399781 -1.21652
0.624868 -0.487721 1.01567 3.61372 1.82785 -0.07599160000000001 1.0231 -0.789741 1.66088 1.5268 0.769477 0.23588 0.693411
-0.410834 -0.487721 -1.26402 -0.260295 -0.555541 -0.8843 0.754337 -0.379498 -0.751767 -1.27077 -0.268253 0.379253 0.186894
-0.418976 3.37504 -1.44476 -0.260295 -1.27394 1.30265 -1.64684 2.32578 -0.521991 -1.07559 -0.225014 0.432518 -1.09619
-0.414587 -0.487721 -0.866092 -0.260295 -0.327344 0.0622717 -1.07395 1.26513 -0.521991 -1.08742 0.769477 0.365316 -0.974459
-0.413344 -0.487721 -0.866092 -0.260295 -0.327344 -0.400379 -0.352538 0.485013 -0.521991 -1.08742 0.769477 0.442999 -0.46934
-0.272306 -0.487721 1.2314 3.61372 0.433312 -0.0254724 0.853355 -0.943186 -0.521991 -0.028721 -1.60865 -0.183436 -0.999645
0.533821 -0.487721 1.01567 -0.260295 1.3461 -0.442921 0.418385 -0.478398 1.66088 1.5268 0.769477 -3.80742 0.601063
-0.412072 2.08745 -1.37625 -0.260295 -1.20632 -0.512053 -1.76708 3.28004 -0.636879 0.0185953 -0.0520595 0.393623 -0.679223
-0.408152 0.799866 -0.903989 -0.260295 -1.06264 -0.231538 -0.119139 1.20717 -0.407103 -0.637918 -0.787118 0.418365 -0.0341829
-0.347937 -0.487721 -0.718874 3.61372 -0.394958 0.810755 0.32644 -0.244819 -0.177327 -0.596516 -0.441208 0.372662 -0.37979
-0.408197 -0.487721 2.4208 -0.260295 0.467119 -0.380437 1.07261 -0.910156 -0.636879 1.79296 0.7262380000000001 0.369637 0.759175
1.42684 -0.487721 1.01567 -0.260295 0.991126 0.366717 1.08322 -1.07549 1.66088 1.5268 0.769477 0.442999 1.18034
-0.381928 -0.487721 -0.718874 -0.260295 -0.394958 2.62945 0.06828679999999999 -0.06483709999999999 -0.177327 -0.596516 -0.441208 0.249061 -1.21652
-0.392453 -0.487721 -0.5468769999999999 -0.260295 -0.513282 -0.247491 -0.8759169999999999 0.771099 -0.521991 -0.714807 0.5100440000000001 0.442999 0.0203866
-0.417542 1.87286 -1.07161 -0.260295 -0.589347 0.567465 -0.426801 0.920942 -0.521991 -0.223901 -0.354731 0.442999 -0.764576
1.17125 -0.487721 1.01567 -0.260295 1.57429 -0.444251 0.687147 -0.932665 1.66088 1.5268 0.769477 -3.10028 2.99093
-0.417324 -0.487721 -0.592063 -0.260295 -0.716123 0.201864 0.368876 0.558418 -0.866655 -0.980961 -0.268253 0.442999 -0.490329
-0.368377 -0.487721 -0.718874 3.61372 -0.394958 0.607348 -0.0696306 -0.06483709999999999 -0.177327 -0.596516 -0.441208 0.0464802 -0.642844
-0.380808 -0.487721 -0.5468769999999999 -0.260295 -0.513282 0.193888 -1.00323 0.441842 -0.521991 -0.714807 0.5100440000000001 0.442999 -0.912893
-0.400563 -0.487721 -0.163528 -0.260295 -0.0568886 -0.453557 0.697756 -0.628193 -0.407103 0.142801 -0.268253 -0.118718 0.435955
-0.415455 0.41359 -0.8005 -0.260295 -0.969675 -0.204949 -0.193403 1.43397 -0.636879 -0.975047 -0.700641 0.411342 -0.449751
-0.414264 0.41359 -0.8005 -0.260295 -0.969675 0.321515 -1.67513 1.43397 -0.636879 -0.975047 -0.700641 0.442999 -1.03043
1.76858 -0.487721 1.01567 -0.260295 0.365698 -2.18185 1.11504 -1.05905 1.66088 1.5268 0.769477 -3.53418 3.0399
0.666289 -0.487721 1.01567 -0.260295 1.05874 0.147357 0.959445 -0.86272 1.66088 1.5268 0.769477 -3.1892 1.60011
-0.391965 -0.487721 -0.179562 -0.260295 -0.08224380000000001 -0.647657 0.114259 0.115145 -0.636879 -0.61426 -0.008820710000000001 0.442999 0.461141
0.142238 -0.487721 1.01567 -0.260295 0.247374 -0.484134 -0.539964 -0.301591 1.66088 1.5268 0.769477 0.349217 -0.167109
1.3586 -0.487721 1.01567 -0.260295 0.991126 0.50498 0.878109 -1.15809 1.66088 1.5268 0.769477 0.0769483 1.48257
-0.385801 -0.487721 -0.718874 -0.260295 -0.420313 1.88362 -1.82012 -0.196009 -0.177327 -0.596516 -0.441208 0.233503 -1.22072
-0.40409 -0.487721 0.406394 -0.260295 -0.986579 -0.637022 -0.37022 1.19954 -0.636879 -0.702978 -1.04655 0.442999 0.447149
0.389701 -0.487721 1.01567 -0.260295 1.23623 -0.73939 1.00895 -0.882481 1.66088 1.5268 0.769477 0.416312 0.62485
-0.382631 -0.487721 1.5681 -0.260295 0.593894 0.215159 1.07261 -0.936504 -0.636879 0.172373 1.20186 0.442999 0.384184
-0.418433 3.58964 -1.40832 -0.260295 -1.27394 1.1511 -1.92975 1.83142 -0.751767 -0.0346355 -0.614163 0.306864 -1.14656
-0.405453 -0.487721 0.406394 -0.260295 -0.986579 0.543534 -1.3215 1.02913 -0.636879 -0.702978 -1.04655 0.442999 -0.8919049999999999
-0.297853 -0.487721 -0.4361 -0.260295 -0.132954 -0.444251 -1.38515 0.336403 -0.636879 -0.596516 1.11539 0.334415 -0.848529
-0.369091 -0.487721 -0.718874 -0.260295 -0.420313 0.376023 -1.66452 -0.196009 -0.177327 -0.596516 -0.441208 0.264079 -1.24311
-0.418326 3.16044 -1.01768 -0.260295 -1.05419 0.328163 -1.44173 2.24934 -0.636879 -0.336277 -0.225014 0.394703 -0.879312
-0.413331 -0.487721 -0.9827 -0.260295 -0.94432 -0.49344 -0.571791 2.00211 -0.751767 -0.330362 0.164134 0.09412719999999999 0.00359599
-0.41218 -0.487721 -0.968124 -0.260295 -0.885158 -0.196972 -0.412656 -0.0194862 -0.751767 -0.951388 0.034418 0.424091 -0.588274
-0.143702 -0.487721 1.01567 -0.260295 0.247374 -0.529336 -0.939571 -0.0306699 1.66088 1.5268 0.769477 0.16025 0.09734370000000001
-0.357602 0.37067 -1.04392 -0.260295 0.17976 1.59646 -0.561182 -0.434421 -0.521991 -0.850841 -2.34371 0.37169 -1.32706
0.686624 -0.487721 1.01567 -0.260295 1.3461 0.610007 0.9064 -0.612555 1.66088 1.5268 0.769477 -3.77306 0.848725
-0.41403 2.51665 -1.29608 -0.260295 -1.29929 1.02613 -2.06766 1.91407 -0.521991 -0.294875 -1.56542 0.169433 -1.10599
-0.405588 0.0487738 -0.737823 -0.260295 -1.22323 -0.510723 -1.25431 1.28389 -0.636879 -0.371764 0.207373 0.442999 -0.539301
-0.24373 -0.487721 1.2314 3.61372 0.433312 2.79962 0.899327 -0.770881 -0.521991 -0.028721 -1.60865 0.351702 -1.30467
0.5096039999999999 -0.487721 1.01567 -0.260295 1.23623 -0.995974 1.11504 -1.06891 1.66088 1.5268 0.769477 0.442999 1.66727
-0.385688 0.37067 -0.608096 -0.260295 -0.758382 -0.549278 -0.932498 0.30342 -0.751767 -1.09334 0.0776568 0.353863 0.0497702
-0.348968 -0.487721 -0.718874 -0.260295 -0.394958 0.463767 0.436066 -0.244819 -0.177327 -0.596516 -0.441208 0.442999 -0.705808
-0.413765 0.0487738 -0.737823 -0.260295 -1.22323 -0.52003 -1.66452 1.28389 -0.636879 -0.371764 0.207373 0.435544 -0.6358470000000001
-0.414332 -0.487721 -1.12554 -0.260295 -0.547089 1.07665 -0.189866 -0.177338 -0.866655 -0.815354 -0.268253 0.433923 -0.97166
-0.410884 -0.487721 0.406394 -0.260295 -0.986579 -0.188995 -1.77061 0.812232 -0.636879 -0.702978 -1.04655 0.442999 -0.568685
-0.416244 0.585268 -0.914193 -0.260295 -1.07955 0.0436593 -1.2826 0.763896 -0.636879 -0.750294 0.250612 0.442999 -0.82894
-0.416152 -0.487721 -0.866092 -0.260295 -0.327344 0.0542949 -1.05981 1.26513 -0.521991 -1.08742 0.769477 0.361966 -0.824742
-0.418513 3.37504 -1.32815 -0.260295 -1.21478 0.610007 -1.14468 3.95116 -0.521991 -1.30626 -0.614163 0.308593 -1.13957
-0.143612 -0.487721 1.2314 -0.260295 2.68147 -0.185007 1.11504 -1.12293 -0.521991 -0.028721 -1.60865 -1.97706 2.12062
-0.359921 -0.487721 -0.718874 3.61372 -0.394958 0.48105 0.284004 0.170258 -0.177327 -0.596516 -0.441208 0.351702 -0.43436
-0.0925197 -0.487721 1.01567 -0.260295 -0.183665 -0.674246 -0.996152 0.146706 1.66088 1.5268 0.769477 0.399997 -0.311228
-0.386806 -0.487721 -0.0789874 -0.260295 -0.547089 -1.13956 -2.07474 -0.09535540000000001 -0.636879 -0.773952 0.0776568 -0.0752845 2.36548
1.25768 -0.487721 1.01567 -0.260295 1.57429 0.255043 0.878109 -0.846418 1.66088 1.5268 0.769477 -3.54822 0.756376
-0.407198 -0.487721 -0.37488 -0.260295 -0.285085 0.680468 0.100114 -0.441956 -0.521991 -0.141097 1.07215 0.428737 -0.696014
4.0426 -0.487721 1.01567 -0.260295 1.17706 -1.08505 1.11504 -1.08952 1.66088 1.5268 0.769477 0.442999 2.511
-0.418755 2.94584 -1.32961 -0.260295 -1.00348 0.486368 -1.371 2.15869 -0.636879 -0.756209 -0.614163 0.378605 -0.931083
-0.416331 2.94584 -1.13137 -0.260295 -1.3162 0.0277058 -1.79183 1.33768 -0.636879 -0.41908 -1.00331 0.442999 -1.11578
0.5677489999999999 -0.487721 1.01567 -0.260295 0.255825 0.104814 0.623493 -0.822676 1.66088 1.5268 0.769477 -2.94361 0.699008
5.5303 -0.487721 1.01567 -0.260295 0.365698 -0.680894 1.11504 -1.12582 1.66088 1.5268 0.769477 -3.81714 -0.354604
-0.415501 1.76556 -0.847143 -0.260295 -1.25703 0.393306 -1.61148 1.6721 -0.407103 -0.67932 -0.787118 0.170946 -0.438557
-0.405656 0.799866 -0.903989 -0.260295 -1.06264 0.16464 -2.14546 1.53861 -0.407103 -0.637918 -0.787118 0.203251 -1.04302
-0.407547 -0.487721 2.4208 -0.260295 0.467119 -0.380437 0.531548 -0.79557 -0.636879 1.79296 0.7262380000000001 0.442999 0.09874289999999999
-0.377567 0.45651 -0.768432 -0.260295 -1.03729 2.6454 -2.12425 2.42534 -0.292215 -0.460482 0.293851 0.442999 -1.27389
-0.41125 2.08745 -1.37625 -0.260295 -1.20632 0.411918 -1.15175 3.28004 -0.636879 0.0185953 -0.0520595 0.16079 -1.00104
-0.009123610000000001 -0.487721 1.2314 3.61372 2.68147 -0.155759 0.499721 -0.9682539999999999 -0.521991 -0.028721 -1.60865 -2.89435 0.332413
-0.385186 -0.487721 -0.5468769999999999 -0.260295 -0.513282 0.0569538 -1.3993 0.771099 -0.521991 -0.714807 0.5100440000000001 0.442999 -0.908695
-0.412486 -0.487721 -1.26402 -0.260295 -0.555541 -0.166395 -0.221693 -0.564314 -0.751767 -1.27077 -0.268253 0.442999 -0.446953
-0.391432 -0.487721 1.5681 -0.260295 0.593894 -0.547948 1.05139 -1.0047 -0.636879 0.172373 1.20186 0.39049 1.21392
0.878263 -0.487721 1.01567 -0.260295 1.57429 0.478391 0.924082 -0.788557 1.66088 1.5268 0.769477 -2.65838 1.48677
-0.210999 -0.487721 1.2314 -0.260295 0.433312 -0.521359 0.379485 -0.645822 -0.521991 -0.028721 -1.60865 -1.38606 -0.07056270000000001
-0.4063 -0.487721 -1.20134 -0.260295 -0.918965 0.473073 -0.377292 -0.139095 -0.866655 -0.779867 -0.181776 0.0224946 -0.838734
-0.400998 -0.487721 -0.5468769999999999 -0.260295 -0.513282 0.208512 -0.571791 0.356211 -0.521991 -0.714807 0.5100440000000001 0.442999 -0.761777
-0.41096 -0.487721 0.406394 -0.260295 -0.986579 -0.345871 -0.925426 0.812232 -0.636879 -0.702978 -1.04655 0.442999 -0.314027
-0.380955 0.45651 -0.768432 -0.260295 -1.03729 -0.214255 -1.18711 2.02197 -0.292215 -0.460482 0.293851 0.370394 -0.48753
0.184842 -0.487721 1.01567 3.61372 1.82785 -0.188995 0.528011 -0.505172 1.66088 1.5268 0.769477 0.427116 -0.162911
-0.288907 -0.487721 -0.4361 -0.260295 -0.132954 -0.73939 0.9064 0.210538 -0.636879 -0.596516 1.11539 0.046156 1.39302
-0.408855 -0.487721 -1.26402 -0.260295 -0.555541 0.390647 0.959445 -0.446268 -0.751767 -1.27077 -0.268253 0.442999 -0.974459
-0.411337 1.44366 -1.12117 -0.260295 -0.986579 0.681798 -0.967862 -5.68664e-05 -0.521991 -0.0582937 -1.39246 0.410262 -0.834537
-0.409949 1.44366 -1.12117 -0.260295 -0.986579 0.9064759999999999 -1.66098 1.27527 -0.521991 -0.0582937 -1.39246 0.23534 -1.05561
-0.415497 2.94584 -1.34418 -0.260295 -1.18942 -0.805862 -1.64684 3.221 -0.636879 -0.436824 1.54777 0.290658 -0.642844
-0.394927 -0.487721 -0.615384 -0.260295 -0.89361 -0.8869590000000001 -0.228766 1.08946 -0.751767 -1.03419 -0.225014 0.442999 0.497521
-0.410231 -0.487721 -0.0469202 -0.260295 -1.18942 0.196547 -2.1879 0.710157 -0.636879 -0.608345 0.337089 0.300706 -0.82894
-0.412772 -0.487721 -1.03226 -0.260295 -0.369603 0.7854950000000001 0.209741 -0.413902 -0.521991 -0.6615760000000001 -0.787118 0.38217 -0.800955
-0.303844 -0.487721 -0.4361 -0.260295 -0.132954 0.5382169999999999 0.665929 0.213382 -0.636879 -0.596516 1.11539 0.262891 -0.0929502
7.48362 -0.487721 1.01567 -0.260295 1.17706 -0.779273 1.11504 -1.11995 1.66088 1.5268 0.769477 0.314103 1.44619
-0.411325 2.94584 -0.901074 -0.260295 -1.20632 1.16838 -1.44173 0.629312 -0.636879 -0.963218 0.337089 0.442999 -1.27109
-0.395876 -0.487721 -0.37488 -0.260295 -0.285085 -0.175701 0.669465 -0.508964 -0.521991 -0.141097 1.07215 0.416744 0.111336
-0.417968 3.05314 -1.32669 -0.260295 -1.17252 1.78259 -1.86609 1.17585 -0.866655 -0.35402 -1.60865 0.426576 -1.33406
-0.413465 -0.487721 -1.26402 -0.260295 -0.555541 -0.154429 0.0117053 -0.241218 -0.751767 -1.27077 -0.268253 0.337224 0.0707585
-0.416468 1.01446 -0.73928 -0.260295 -0.978972 -0.316623 -1.59733 1.35151 -0.9815430000000001 -0.61426 -0.657402 0.068629 -0.6736259999999999
0.653885 -0.487721 1.01567 -0.260295 0.653057 -0.07067379999999999 1.11504 -1.2414 1.66088 1.5268 0.769477 0.110766 -0.435759
-0.383806 -0.487721 -0.718874 -0.260295 -0.420313 2.65471 0.347658 -0.423806 -0.177327 -0.596516 -0.441208 0.314967 -1.18994
0.0753978 -0.487721 1.01567 -0.260295 1.82785 -0.208937 0.453748 -0.606395 1.66088 1.5268 0.769477 0.376444 0.00359599
-0.395227 -0.487721 -0.0789874 3.61372 -0.547089 -0.614421 -0.518746 -0.0645054 -0.636879 -0.773952 0.0776568 0.378605 0.473734
-0.416836 3.58964 -1.40832 -0.260295 -1.27394 0.938382 -1.88024 1.83142 -0.751767 -0.0346355 -0.614163 0.442999 -1.13117
2.49418 -0.487721 1.01567 -0.260295 1.17706 -0.375119 1.11504 -1.04251 1.66088 1.5268 0.769477 0.442999 1.9765
-0.390994 -0.487721 -0.179562 -0.260295 -0.08224380000000001 -0.7500250000000001 0.32644 0.074059 -0.636879 -0.61426 -0.008820710000000001 0.437813 -0.160113
-0.0523455 -0.487721 1.01567 -0.260295 0.855898 -0.678235 -0.716781 -0.34225 1.66088 1.5268 0.769477 -0.232271 0.207882
-0.406441 -0.487721 -1.20134 -0.260295 -0.918965 2.39281 0.266322 -0.139095 -0.866655 -0.779867 -0.181776 0.442999 -1.18014
-0.398236 0.45651 -0.768432 -0.260295 -1.03729 -0.882971 0.0612141 1.9743 -0.292215 -0.460482 0.293851 0.359049 0.813744
-0.403202 -0.487721 -0.37488 -0.260295 -0.285085 0.6086780000000001 0.404239 -0.479061 -0.521991 -0.141097 1.07215 0.419877 -0.45115
0.009274889999999999 -0.487721 1.01567 -0.260295 1.3461 0.142039 0.704829 -0.578909 1.66088 1.5268 0.769477 0.383899 0.280642
-0.398582 -0.487721 -0.615384 -0.260295 -0.89361 -0.642339 -1.2437 0.621587 -0.751767 -1.03419 -0.225014 0.442999 0.210681
-0.405237 -0.487721 -0.37488 -0.260295 -0.285085 -0.188995 0.591666 -0.789647 -0.521991 -0.141097 1.07215 0.343491 0.202285
-0.408483 0.585268 -0.874837 -0.260295 -0.851351 -0.454886 -0.752145 1.48956 -0.177327 -0.732551 0.553283 0.442999 -0.479135
-0.400579 -0.487721 -0.37488 -0.260295 -0.285085 -0.575867 0.828601 -0.74766 -0.521991 -0.141097 1.07215 0.429709 0.8417289999999999
-0.417286 2.73125 -1.19259 -0.260295 -1.06264 0.43319 -1.65038 0.764085 -0.751767 -0.921816 -0.0520595 0.429277 -1.16475
-0.415505 0.714027 0.569645 -0.260295 -0.758382 -0.0268018 0.312294 -0.0823236 -0.636879 -0.815354 -0.0952982 0.442999 -0.287442
-0.413372 1.22906 -0.688264 3.61372 -0.902061 0.740294 -1.44527 0.508992 -0.636879 -0.909987 -0.354731 0.405724 -1.18714
-0.353199 0.37067 -1.04392 -0.260295 0.17976 2.69592 -0.0519489 -0.64786 -0.521991 -0.850841 -2.34371 0.309457 -0.728196
-0.414189 -0.487721 -1.03226 -0.260295 -0.369603 0.0609422 0.174377 -0.223305 -0.521991 -0.6615760000000001 -0.787118 0.428953 -0.889106
-0.415234 -0.487721 0.116331 -0.260295 0.162856 -0.198301 0.291076 -0.711408 -0.9815430000000001 -0.797611 1.11539 0.442999 -0.498724
0.869767 -0.487721 1.01567 -0.260295 1.38836 0.18857 1.11504 -0.914516 1.66088 1.5268 0.769477 -0.401359 0.332413
0.954126 -0.487721 1.01567 -0.260295 1.38836 0.737635 0.284004 -0.945271 1.66088 1.5268 0.769477 -3.32177 1.41261
0.25692 -0.487721 1.01567 -0.260295 1.3461 0.324174 0.757874 -0.467783 1.66088 1.5268 0.769477 0.409721 -0.329418
-0.357648 0.37067 -1.04392 -0.260295 0.788284 1.2415 0.47143 -0.794528 -0.521991 -0.850841 -2.34371 0.398701 -0.427364
-0.405604 -0.487721 -0.37488 -0.260295 -0.285085 0.272326 1.01249 -0.642505 -0.521991 -0.141097 1.07215 0.425063 -0.0523728
-0.26285 -0.487721 -0.4361 -0.260295 -0.132954 -0.262115 1.11504 0.183053 -0.636879 -0.596516 1.11539 0.225076 0.0553671
-0.417326 -0.487721 -0.592063 -0.260295 -0.716123 1.21757 -0.260593 0.558418 -0.866655 -0.980961 -0.268253 0.399025 -1.20533
1.9903 -0.487721 1.01567 -0.260295 0.889705 -2.83328 1.11504 -1.23714 1.66088 1.5268 0.769477 0.154739 1.49656
-0.405863 1.44366 -1.12117 -0.260295 -0.986579 0.381341 -1.39222 0.368674 -0.521991 -0.0582937 -1.39246 0.29109 -1.13117
0.228982 -0.487721 1.01567 -0.260295 1.3461 0.221806 0.687147 -0.697997 1.66088 1.5268 0.769477 -2.76275 0.500319
1.4252 -0.487721 1.01567 -0.260295 1.05874 -0.496099 0.952373 -0.89049 1.66088 1.5268 0.769477 -3.76226 1.64348
-0.382955 -0.487721 1.5681 -0.260295 0.593894 -0.434944 0.885182 -0.863336 -0.636879 0.172373 1.20186 0.241498 0.5954660000000001
0.149517 -0.487721 1.01567 -0.260295 0.653057 -1.72717 1.11504 -1.16397 1.66088 1.5268 0.769477 0.212002 -1.31307
-0.387461 -0.487721 -0.5468769999999999 -0.260295 -0.513282 -0.746037 0.206204 0.441842 -0.521991 -0.714807 0.5100440000000001 0.380658 -0.126531
-0.408319 1.22906 -0.688264 3.61372 -0.902061 1.32658 -0.688491 0.473166 -0.636879 -0.909987 -0.354731 0.360346 -0.922688
-0.403125 0.585268 -0.874837 -0.260295 -0.851351 -0.702165 -0.08023959999999999 1.6286 -0.177327 -0.732551 0.553283 0.423659 0.0707585
-0.411218 1.22906 -0.688264 -0.260295 -0.902061 0.282961 -1.28613 0.166609 -0.636879 -0.909987 -0.354731 0.442999 -0.763176
-0.416426 2.94584 -0.901074 -0.260295 -1.20632 0.786825 -1.43466 0.629312 -0.636879 -0.963218 0.337089 0.442999 -1.30328
-0.39652 0.45651 -0.768432 -0.260295 -1.03729 -0.8989239999999999 0.284004 1.9743 -0.292215 -0.460482 0.293851 0.179265 -0.0201907
-0.412747 -0.487721 -1.03226 -0.260295 -0.369603 0.368046 -1.25077 -0.311069 -0.521991 -0.6615760000000001 -0.787118 0.378821 -1.02343
1.24755 -0.487721 1.01567 -0.260295 0.509377 -0.0533909 0.690683 -0.870776 1.66088 1.5268 0.769477 0.296276 0.0651617
-0.418919 2.73125 -1.03955 -0.260295 -1.21478 -0.506735 -0.737999 1.67328 -0.751767 0.361638 1.15863 0.442999 0.30163
-0.329068 0.37067 -1.04392 -0.260295 0.788284 0.990231 0.570447 -0.784671 -0.521991 -0.850841 -2.34371 0.304379 0.300231
1.15311 -0.487721 1.01567 -0.260295 0.653057 -3.19888 1.11504 -1.07957 1.66088 1.5268 0.769477 -2.42533 0.0959445
-0.00520535 -0.487721 1.01567 -0.260295 0.222018 0.223136 0.230959 -0.422811 1.66088 1.5268 0.769477 0.404859 0.240064
-0.151227 -0.487721 1.2314 -0.260295 0.433312 -0.517371 1.01956 -0.663451 -0.521991 -0.028721 -1.60865 -0.0839279 -0.08595410000000001
-0.413034 -0.487721 -0.753856 -0.260295 -0.462572 -0.44691 -0.00951276 -0.203022 -0.521991 -0.762123 0.337089 0.442999 -0.414771
-0.152798 -0.487721 1.2314 -0.260295 0.433312 0.06626 0.977127 -0.800262 -0.521991 -0.028721 -1.60865 -0.6353799999999999 -0.216082
-0.412835 -0.487721 -1.26402 -0.260295 -0.555541 1.98865 0.524475 -0.4965 -0.751767 -1.27077 -0.268253 0.428521 -0.711405
-0.149239 -0.487721 1.2314 -0.260295 2.68147 -1.44001 0.895791 -1.07057 -0.521991 -0.028721 -1.60865 0.0117983 2.19337
-0.406224 -0.487721 -0.615384 -0.260295 -0.89361 -0.266104 -1.00676 0.9156339999999999 -0.751767 -1.03419 -0.225014 0.361858 -0.432961
-0.418755 3.37504 -1.44622 3.61372 -1.29084 2.19871 -1.54429 0.993399 -0.9815430000000001 -1.2412 -2.08428 0.428089 -1.32706
0.132544 -0.487721 1.01567 -0.260295 1.3461 0.340128 0.637638 -0.641131 1.66088 1.5268 0.769477 -3.29508 0.76757
1.10108 -0.487721 1.01567 -0.260295 0.222018 -0.73939 -0.416192 -0.45731 1.66088 1.5268 0.769477 0.442999 0.296033
-0.41619 0.37067 -1.13721 -0.260295 -0.936713 0.929076 -1.10578 0.6899690000000001 -0.521991 -1.13474 -1.52218 0.392542 -1.12697
-0.414105 -0.487721 -0.866092 -0.260295 -0.327344 -0.377778 -0.8157990000000001 0.485013 -0.521991 -1.08742 0.769477 0.442999 -0.406375
0.528137 -0.487721 1.01567 -0.260295 1.23623 -1.1688 1.07614 -0.9765 1.66088 1.5268 0.769477 0.442999 1.14816
2.46574 -0.487721 1.01567 -0.260295 1.17706 -1.22331 0.973591 -0.988489 1.66088 1.5268 0.769477 0.442999 0.997042
-0.409432 -0.487721 0.247515 -0.260295 -0.986579 0.022388 -0.829944 0.338298 -0.521991 -0.0582937 0.120896 0.295304 -0.518313
-0.392675 -0.487721 -0.210171 -0.260295 0.264277 -0.332576 -0.112067 -0.653783 -0.407103 -0.0996954 0.337089 0.442999 0.0385765
-0.414084 0.928625 -1.30483 -0.260295 -0.690768 1.28537 -0.967862 0.110548 -0.292215 -1.09925 -0.008820710000000001 0.408209 -0.799556
-0.411313 -0.487721 0.247515 -0.260295 -0.986579 0.00510511 -2.20912 0.219305 -0.521991 -0.0582937 0.120896 0.421606 -0.8205440000000001
-0.403656 -0.487721 -0.163528 -0.260295 -0.0568886 -0.715459 -0.115603 -0.487876 -0.407103 0.142801 -0.268253 0.384655 0.135123
-0.359182 -0.487721 -0.718874 -0.260295 -0.420313 3.26493 0.513866 -0.423806 -0.177327 -0.596516 -0.441208 0.282014 -1.12138
-0.347215 -0.487721 -0.4361 -0.260295 -0.132954 -0.425638 -0.235839 0.435397 -0.636879 -0.596516 1.11539 0.442999 -0.61346
0.0941303 -0.487721 1.01567 -0.260295 0.255825 -0.353848 0.9205449999999999 -0.5916090000000001 1.66088 1.5268 0.769477 -0.265873 1.21392
0.396735 -0.487721 1.01567 -0.260295 1.38836 -0.349859 0.948836 -0.907076 1.66088 1.5268 0.769477 -0.388069 0.42756
-0.40519 -0.487721 -0.163528 -0.260295 -0.0568886 -0.123852 0.14255 -0.5016659999999999 -0.407103 0.142801 -0.268253 0.404103 -0.0845549
-0.410227 0.0487738 -0.475455 -0.260295 -0.251278 -0.341883 -0.06609429999999999 0.839623 -0.521991 -0.572858 -1.39246 0.428953 -0.0299853
0.0260011 -0.487721 1.01567 -0.260295 1.82785 -0.0241429 0.80031 -0.7076170000000001 1.66088 1.5268 0.769477 -0.0567011 0.216277
1.25972 -0.487721 1.01567 -0.260295 0.365698 0.774859 1.11504 -1.10094 1.66088 1.5268 0.769477 -1.90737 0.998441
-0.407206 -0.487721 0.402021 3.61372 -0.0315334 0.138051 0.846282 -0.201601 -0.521991 -0.779867 -0.873596 0.408857 -0.300035
-0.400333 -0.487721 -0.210171 -0.260295 0.264277 -0.747366 -0.511673 -0.666768 -0.407103 -0.0996954 0.337089 0.442999 -0.0887525
-0.417595 -0.487721 -1.3471 -0.260295 -0.301989 0.36007 -0.310102 1.17438 -0.9815430000000001 0.0836552 -1.08979 0.368017 -0.55889
-0.409908 -0.487721 -1.26402 -0.260295 -0.555541 1.17768 0.83921 -0.515645 -0.751767 -1.27077 -0.268253 0.412963 -1.09479
-0.3795 -0.487721 1.5681 -0.260295 0.593894 0.245736 1.05846 -0.918828 -0.636879 0.172373 1.20186 0.41253 0.272246
0.0188023 -0.487721 1.01567 -0.260295 0.855898 -0.42165 0.573984 -0.434658 1.66088 1.5268 0.769477 -3.60743 0.630446
0.122822 -0.487721 1.01567 -0.260295 1.3461 -0.389743 0.687147 -0.572512 1.66088 1.5268 0.769477 -3.73201 0.890701
-0.408767 -0.487721 -0.163528 -0.260295 -0.0568886 0.592724 0.464357 -0.5265919999999999 -0.407103 0.142801 -0.268253 0.428845 -0.347608
0.436828 -0.487721 1.01567 -0.260295 1.05874 -0.101251 0.340585 -0.878169 1.66088 1.5268 0.769477 -2.80013 1.24191
-0.414464 -0.487721 -0.968124 -0.260295 -0.885158 -0.337894 -0.826408 0.302567 -0.751767 -0.951388 0.034418 0.433167 0.0301812
-0.246371 -0.487721 1.2314 -0.260295 2.68147 -1.15019 1.11504 -1.04119 -0.521991 -0.028721 -1.60865 -0.15448 0.0889484
0.329409 -0.487721 1.01567 -0.260295 0.255825 0.207182 0.223886 -0.752683 1.66088 1.5268 0.769477 -2.78695 -0.08595410000000001
-0.409588 0.0487738 -0.475455 -0.260295 -0.251278 -0.505406 -1.04212 0.787685 -0.521991 -0.572858 -1.39246 0.373851 0.428959
-0.41811 3.16044 -1.51472 -0.260295 -1.21478 0.151345 -1.15882 2.55846 -0.866655 -0.561029 -0.484447 0.442999 -0.961866
-0.415195 -0.487721 0.402021 3.61372 -0.0315334 -0.506735 -0.440947 -0.320641 -0.521991 -0.779867 -0.873596 0.398701 0.12113
1.68405 -0.487721 1.01567 -0.260295 1.05874 0.219147 1.11504 -0.925984 1.66088 1.5268 0.769477 -3.55082 2.29552
-0.41177 0.928625 -1.30483 -0.260295 -0.690768 1.52999 0.121332 -0.326754 -0.292215 -1.09925 -0.008820710000000001 0.442999 -0.86392
-0.277076 -0.487721 -0.4361 -0.260295 -0.132954 -0.169053 0.821528 0.08917600000000001 -0.636879 -0.596516 1.11539 0.442999 0.850124
-0.412459 1.44366 -1.12117 -0.260295 -0.986579 0.624631 -1.33211 1.27527 -0.521991 -0.0582937 -1.39246 0.365316 -1.11298
-0.410419 1.44366 -1.12117 -0.260295 -0.986579 1.20826 -1.49124 1.27527 -0.521991 -0.0582937 -1.39246 0.373743 -1.36764
0.981578 -0.487721 1.01567 -0.260295 0.509377 -0.825804 0.676538 -0.870776 1.66088 1.5268 0.769477 -0.695236 0.203684
-0.409821 -0.487721 -1.03226 -0.260295 -0.369603 0.195217 0.552766 -0.541377 -0.521991 -0.6615760000000001 -0.787118 0.427873 -0.504321
8.136850000000001 -0.487721 1.01567 -0.260295 1.05874 -0.415003 1.11504 -0.941195 1.66088 1.5268 0.769477 -3.6675 1.11598
0.009721759999999999 -0.487721 1.01567 -0.260295 1.38836 -1.73648 0.8109189999999999 -0.965032 1.66088 1.5268 0.769477 -0.430746 0.189692
-0.414894 2.94584 -1.09202 -0.260295 -1.36691 -0.214255 -1.28967 2.57395 -0.9815430000000001 -0.5492 -0.873596 0.399673 -0.849928
-0.411176 -0.487721 -0.753856 -0.260295 -0.462572 -0.557254 -0.953716 0.068941 -0.521991 -0.762123 0.337089 0.442999 -0.5421
-0.317948 -0.487721 1.5681 -0.260295 0.593894 -0.840428 0.9276180000000001 -0.857175 -0.636879 0.172373 1.20186 0.442999 0.7969540000000001
-0.36517 -0.487721 -0.179562 -0.260295 -0.08224380000000001 -0.207608 -0.341929 0.101023 -0.636879 -0.61426 -0.008820710000000001 0.43576 0.0119913
-0.407621 -0.487721 0.402021 3.61372 -0.0315334 -0.422979 0.895791 -0.426223 -0.521991 -0.779867 -0.873596 0.442999 0.738186
-0.413934 1.22906 -0.688264 3.61372 -0.902061 0.649891 -1.25784 0.136896 -0.636879 -0.909987 -0.354731 0.442999 -1.27529
-0.410761 1.44366 -1.12117 -0.260295 -0.986579 1.21757 -1.04566 0.368674 -0.521991 -0.0582937 -1.39246 0.442999 -1.01504
-0.264232 -0.487721 1.2314 -0.260295 0.433312 -0.270092 1.11504 -0.962662 -0.521991 -0.028721 -1.60865 -0.0216951 -0.869517
-0.413931 -0.487721 0.247515 -0.260295 -0.986579 -0.0494025 -0.522282 0.580691 -0.521991 -0.0582937 0.120896 0.329553 -0.0425783
-0.255968 -0.487721 1.2314 3.61372 2.68147 -0.186336 0.973591 -0.966406 -0.521991 -0.028721 -1.60865 -0.376833 0.346405
-0.418164 3.58964 -1.23195 -0.260295 -1.16322 2.34628 -1.29321 0.629928 -0.636879 -1.08742 -1.60865 0.374391 -1.36624
-0.406154 -0.487721 -0.163528 -0.260295 -0.0568886 -0.473499 0.863964 -0.680179 -0.407103 0.142801 -0.268253 0.42193 0.49892
-0.40469 -0.487721 -0.0789874 3.61372 -0.547089 -0.272751 -0.33132 0.213476 -0.636879 -0.773952 0.0776568 0.274667 0.282041
-0.415051 -0.487721 -1.12554 -0.260295 -0.547089 0.196547 -0.083776 -0.330024 -0.866655 -0.815354 -0.268253 0.392002 -0.536503
-0.404175 0.45651 -0.768432 -0.260295 -1.03729 0.289608 -1.96157 1.70977 -0.292215 -0.460482 0.293851 0.4363 -0.943676
0.455319 -0.487721 1.01567 -0.260295 1.3461 0.196547 1.05493 -0.759981 1.66088 1.5268 0.769477 -0.558454 0.932678
-0.400714 0.0487738 -0.475455 -0.260295 -0.251278 -0.352518 0.61642 1.32848 -0.521991 -0.572858 -1.39246 0.332903 0.6234499999999999
0.246448 -0.487721 1.01567 -0.260295 -0.183665 1.05272 0.301685 -0.179186 1.66088 1.5268 0.769477 0.425496 -0.788362
-0.417156 0.714027 0.569645 -0.260295 -0.758382 -0.0773211 -1.3993 -0.0582027 -0.636879 -0.815354 -0.0952982 0.43684 -0.9003
-0.396359 -0.487721 2.4208 -0.260295 0.467119 -1.56365 1.04432 -0.931718 -0.636879 1.79296 0.7262380000000001 -0.404816 2.38367
0.00754211 -0.487721 1.01567 -0.260295 1.82785 -1.20603 0.980663 -0.798556 1.66088 1.5268 0.769477 0.268941 -0.343411
-0.416593 2.73125 -1.19259 -0.260295 -1.06264 1.00353 -1.86256 0.764085 -0.751767 -0.921816 -0.0520595 0.429169 -1.49217
-0.394331 0.0487738 -0.475455 -0.260295 -0.251278 0.143368 0.913473 1.21219 -0.521991 -0.572858 -1.39246 0.395676 1.09219
-0.414762 0.928625 -1.30483 -0.260295 -0.690768 0.770871 0.0647504 -0.287185 -0.292215 -1.09925 -0.008820710000000001 0.442999 -0.715603
1.39208 -0.487721 1.01567 -0.260295 0.222018 -0.456216 0.0895048 -0.417172 1.66088 1.5268 0.769477 0.138749 0.76757
0.00701261 -0.487721 1.01567 -0.260295 0.247374 0.0569538 -0.585937 0.0961895 1.66088 1.5268 0.769477 0.353539 -0.288841
-0.408527 0.799866 -0.903989 -0.260295 -1.06264 0.118109 -0.550573 1.53861 -0.407103 -0.637918 -0.787118 0.182074 -0.199291
0.0274977 -0.487721 1.01567 3.61372 1.82785 0.167299 0.796773 -0.608243 1.66088 1.5268 0.769477 0.382927 0.08754919999999999
-0.408098 2.94584 -1.34418 -0.260295 -1.18942 -0.442921 -1.73171 3.221 -0.636879 -0.436824 1.54777 0.217621 -0.98985
-0.398306 0.45651 -0.768432 -0.260295 -1.03729 0.596713 -1.80244 1.91345 -0.292215 -0.460482 0.293851 0.408857 -0.8513269999999999
0.146397 -0.487721 1.01567 -0.260295 0.509377 0.28562 0.888718 -0.702973 1.66088 1.5268 0.769477 0.435544 0.844527
-0.369797 -0.487721 -0.0789874 3.61372 -0.547089 -1.22996 1.11504 0.0408869 -0.636879 -0.773952 0.0776568 0.442999 1.46158
-0.170396 -0.487721 1.2314 -0.260295 2.68147 -0.744707 1.062 -1.02621 -0.521991 -0.028721 -1.60865 -1.01504 0.440153
-0.232814 -0.487721 -0.4361 -0.260295 -0.132954 -0.230208 1.00542 -0.0137048 -0.636879 -0.596516 1.11539 -1.16241 1.0768
0.340431 -0.487721 1.01567 3.61372 0.653057 0.9928900000000001 1.02664 -1.22562 1.66088 1.5268 0.769477 0.390598 -1.35505
-0.343287 0.37067 -1.04392 -0.260295 0.788284 1.41433 1.11504 -0.897598 -0.521991 -0.850841 -2.34371 0.295952 -0.679223
3.96231 -0.487721 1.01567 -0.260295 1.05874 -0.0892862 0.361803 -0.91262 1.66088 1.5268 0.769477 -3.6419 0.262452
-0.410974 -0.487721 -1.20134 -0.260295 -0.918965 2.06177 -1.11639 -0.139095 -0.866655 -0.779867 -0.181776 0.406588 -1.26969
-0.102343 -0.487721 1.2314 -0.260295 2.68147 -0.893606 0.934691 -1.07241 -0.521991 -0.028721 -1.60865 -0.0437359 1.23211
-0.413431 -0.487721 0.116331 -0.260295 0.162856 0.939712 0.796773 -0.768274 -0.9815430000000001 -0.797611 1.11539 0.442999 -0.980056
-0.399163 -0.487721 2.4208 -0.260295 0.467119 -1.1369 1.05493 -0.9635629999999999 -0.636879 1.79296 0.7262380000000001 -0.12801 1.58471
1.73218 -0.487721 1.01567 -0.260295 0.965771 -2.83328 1.11504 -1.25661 1.66088 1.5268 0.769477 0.442999 3.54362
-0.410742 -0.487721 0.247515 -0.260295 -0.986579 -0.525347 -1.127 0.338298 -0.521991 -0.0582937 0.120896 0.433923 -0.495925
0.472311 -0.487721 1.01567 -0.260295 1.17706 -0.694188 1.07614 -1.02138 1.66088 1.5268 0.769477 0.401942 1.01803
-0.415611 0.714027 0.569645 -0.260295 -0.758382 0.229783 -0.525819 -0.0582027 -0.636879 -0.815354 -0.0952982 0.422578 -0.627452
-0.408865 0.971544 -0.734908 -0.260295 -1.02039 0.947689 -1.79537 0.807019 -0.292215 -0.466397 -1.00331 0.373095 -1.08919
-0.353554 -0.487721 -0.718874 -0.260295 -0.394958 2.7491 0.170841 0.0235427 -0.177327 -0.596516 -0.441208 0.324259 -1.42361
-0.278111 -0.487721 1.2314 -0.260295 0.433312 0.89584 1.0231 -0.905796 -0.521991 -0.028721 -1.60865 0.08137809999999999 -1.12697
1.86146 -0.487721 1.01567 -0.260295 0.991126 1.38774 1.04078 -1.17165 1.66088 1.5268 0.769477 0.442999 0.111336
-0.346261 -0.487721 -0.4361 -0.260295 -0.132954 -0.230208 0.5669110000000001 0.319011 -0.636879 -0.596516 1.11539 0.260622 -0.333616
-0.400833 -0.487721 2.11616 -0.260295 0.23047 -0.376448 0.704829 -0.851015 -0.866655 -1.30035 0.293851 0.314643 0.303029
0.840302 -0.487721 1.01567 -0.260295 1.05874 0.681798 0.789701 -0.933187 1.66088 1.5268 0.769477 -3.61219 1.83937
-0.360939 -0.487721 -0.718874 -0.260295 -0.394958 1.44756 0.110723 0.170258 -0.177327 -0.596516 -0.441208 0.369205 -1.10738
-0.363132 -0.487721 -0.179562 -0.260295 -0.08224380000000001 0.486368 0.496184 -0.223305 -0.636879 -0.61426 -0.008820710000000001 0.442999 -1.13397
0.399974 -0.487721 1.01567 -0.260295 0.509377 -0.220902 0.588129 -0.83732 1.66088 1.5268 0.769477 -3.81801 1.48957
0.734479 -0.487721 1.01567 -0.260295 1.57429 -0.0241429 0.9948090000000001 -0.753821 1.66088 1.5268 0.769477 0.352458 0.531102
-0.407318 0.799866 -0.903989 -0.260295 -1.06264 0.834685 -0.501064 1.20717 -0.407103 -0.637918 -0.787118 0.381954 -0.176903
0.593889 -0.487721 1.01567 -0.260295 1.17706 0.268337 1.07261 -0.977637 1.66088 1.5268 0.769477 0.389841 0.6262489999999999
-0.309276 -0.487721 -0.4361 -0.260295 -0.132954 -0.295352 0.718974 0.314983 -0.636879 -0.596516 1.11539 -0.535008 0.648636
-0.0161909 -0.487721 1.01567 3.61372 1.38836 3.33805 0.51033 -0.8928120000000001 1.66088 1.5268 0.769477 -0.0145642 -1.02903
-0.390048 -0.487721 -0.179562 -0.260295 -0.08224380000000001 -0.327259 0.775555 -0.452429 -0.636879 -0.61426 -0.008820710000000001 0.436516 -0.12933
1.00474 -0.487721 1.01567 -0.260295 0.255825 -0.574537 -0.310102 -0.848788 1.66088 1.5268 0.769477 -3.57891 0.42616
-0.409735 0.799866 -0.903989 -0.260295 -1.06264 0.447814 -0.928962 1.13789 -0.407103 -0.637918 -0.787118 0.301246 -0.73799
-0.373056 -0.487721 -0.718874 3.61372 -0.394958 -0.139805 0.807382 -0.351017 -0.177327 -0.596516 -0.441208 0.425063 1.23351
-0.372512 -0.487721 -0.718874 -0.260295 -0.420313 1.18832 0.404239 -0.271546 -0.177327 -0.596516 -0.441208 0.174835 -0.879312
-0.398175 -0.487721 -0.5468769999999999 -0.260295 -0.513282 0.215159 -1.90146 0.771099 -0.521991 -0.714807 0.5100440000000001 0.408209 -1.05841
0.53935 -0.487721 1.01567 -0.260295 1.3461 1.49409 1.09029 -0.633122 1.66088 1.5268 0.769477 0.215784 0.573078
-0.415715 0.585268 -0.914193 -0.260295 -1.07955 0.6086780000000001 -1.23662 0.763896 -0.636879 -0.750294 0.250612 0.442999 -1.02903
-0.418988 1.01446 -1.40103 -0.260295 -0.94432 1.29202 -0.677882 1.53974 -0.9815430000000001 -0.732551 -1.26274 0.419661 -1.00104
-0.403002 -0.487721 2.11616 -0.260295 0.23047 -0.549278 1.00895 -0.8739980000000001 -0.866655 -1.30035 0.293851 0.155712 1.7862
-0.322686 -0.487721 -0.4361 -0.260295 -0.132954 -0.890947 0.609347 0.315552 -0.636879 -0.596516 1.11539 -0.566989 0.540896
0.262844 -0.487721 1.01567 -0.260295 1.17706 0.180593 0.973591 -1.00081 1.66088 1.5268 0.769477 0.442999 0.941073
0.0855781 -0.487721 1.01567 -0.260295 0.222018 -0.135817 0.549229 -0.357936 1.66088 1.5268 0.769477 0.442999 0.510114
-0.0340227 -0.487721 1.2314 3.61372 2.68147 -1.15152 1.11504 -1.16913 -0.521991 -0.028721 -1.60865 0.442999 1.98349
-0.404149 -0.487721 -0.0789874 -0.260295 -0.547089 0.14071 -1.27906 0.0742485 -0.636879 -0.773952 0.0776568 0.323179 -0.456747
-0.416386 0.971544 -0.734908 -0.260295 -1.02039 0.426542 -0.9926160000000001 0.807019 -0.292215 -0.466397 -1.00331 0.430574 -0.439957
0.171854 -0.487721 1.01567 -0.260295 1.3461 0.037012 0.825064 -0.673165 1.66088 1.5268 0.769477 0.3154 0.647237
-0.306902 -0.487721 1.5681 -0.260295 0.593894 -0.680894 1.05846 -0.683686 -0.636879 0.172373 1.20186 -1.00629 0.652834
-0.404035 -0.487721 -0.615384 -0.260295 -0.89361 -0.133158 -2.1879 0.9156339999999999 -0.751767 -1.03419 -0.225014 0.296816 -0.956269
-0.376771 -0.487721 -0.0789874 3.61372 -0.547089 -1.15019 0.711901 -0.0586292 -0.636879 -0.773952 0.0776568 0.425063 1.58611
-0.39439 -0.487721 -0.210171 -0.260295 0.264277 -0.321941 0.397167 -0.61156 -0.407103 -0.0996954 0.337089 0.442999 0.235866
1.21461 -0.487721 1.01567 -0.260295 0.365698 0.515616 1.11504 -1.07156 1.66088 1.5268 0.769477 -3.46654 1.19993
-0.416954 1.87286 -1.07161 -0.260295 -0.589347 0.804107 -1.42759 1.26844 -0.521991 -0.223901 -0.354731 0.346516 -1.12418
9.93389 -0.487721 1.01567 -0.260295 0.991126 0.929076 0.828601 -1.12416 1.66088 1.5268 0.769477 0.442999 0.638842
-0.35801 -0.487721 -0.718874 -0.260295 -0.420313 -0.383096 -0.0130491 -0.055549 -0.177327 -0.596516 -0.441208 0.242579 -0.139124
0.0708686 -0.487721 1.01567 3.61372 1.82785 -0.619739 0.726047 -0.8928120000000001 1.66088 1.5268 0.769477 -0.0308787 0.279242
0.243774 -0.487721 1.01567 -0.260295 -0.183665 0.639255 0.227422 -0.216576 1.66088 1.5268 0.769477 0.401618 -0.686219
0.108053 -0.487721 1.01567 -0.260295 1.82785 0.171287 0.690683 -0.602082 1.66088 1.5268 0.769477 0.20163 -0.679223
-0.414126 0.928625 -1.30483 -0.260295 -0.690768 0.461108 -0.366683 -0.198426 -0.292215 -1.09925 -0.008820710000000001 0.404751 -0.519712
0.370968 -0.487721 1.01567 -0.260295 1.3461 -0.25015 0.563375 -0.507637 1.66088 1.5268 0.769477 0.442999 0.287638
-0.418215 2.94584 -1.36605 -0.260295 -1.42607 -0.0520615 -1.30735 2.51183 -0.9815430000000001 -0.986876 -0.0952982 -0.15448 0.0399757
0.73933 -0.487721 1.01567 -0.260295 1.57429 0.28695 1.11504 -0.857886 1.66088 1.5268 0.769477 0.333119 0.868314
-0.412341 -0.487721 0.402021 -0.260295 -0.0315334 0.495674 0.588129 -0.17421 -0.521991 -0.779867 -0.873596 0.398485 -0.413372
-0.418895 2.94584 -1.55554 -0.260295 -1.11335 2.13489 -1.28967 0.881277 -0.636879 -0.904072 -1.73837 0.414151 -1.35365
0.926848 -0.487721 1.01567 -0.260295 1.23623 -1.63943 1.00895 -0.956644 1.66088 1.5268 0.769477 0.442999 1.82398
-0.415362 2.51665 -1.29608 -0.260295 -1.29929 0.800119 -0.745072 1.91407 -0.521991 -0.294875 -1.56542 0.377741 -0.919889
-0.415214 -0.487721 -1.15032 -0.260295 -0.792189 -0.166395 -1.2826 0.987996 -0.636879 0.130971 -0.657402 0.136912 -0.497325
-0.38927 -0.487721 -0.210171 -0.260295 0.264277 -0.631704 0.0753595 -0.424612 -0.407103 -0.0996954 0.337089 0.442999 0.203684
-0.08022840000000001 -0.487721 1.2314 -0.260295 0.433312 -0.223561 0.8675 -0.713351 -0.521991 -0.028721 -1.60865 -1.25047 -0.396581
-0.227719 -0.487721 1.2314 -0.260295 2.68147 -0.195643 1.01956 -1.02867 -0.521991 -0.028721 -1.60865 0.182615 0.203684
1.06933 -0.487721 1.01567 -0.260295 1.57429 -0.551936 0.9948090000000001 -0.897124 1.66088 1.5268 0.769477 -1.24658 1.55953
-0.38212 -0.487721 1.5681 -0.260295 0.593894 -0.594479 0.952373 -0.6249710000000001 -0.636879 0.172373 1.20186 0.354295 0.333812
-0.379841 -0.487721 -0.179562 -0.260295 -0.08224380000000001 -0.395061 0.291076 -0.32519 -0.636879 -0.61426 -0.008820710000000001 0.435868 -0.374193
-0.412977 2.51665 -1.29608 -0.260295 -1.29929 0.100826 -1.71049 1.91407 -0.521991 -0.294875 -1.56542 0.133347 -1.0738
-0.186571 -0.487721 1.2314 -0.260295 0.433312 2.20668 0.980663 -0.825899 -0.521991 -0.028721 -1.60865 0.144799 -1.2515
-0.258978 -0.487721 -0.4361 -0.260295 -0.132954 -0.424309 0.478503 0.09538389999999999 -0.636879 -0.596516 1.11539 -1.33215 2.10802
-0.397626 0.45651 -0.768432 -0.260295 -1.03729 -0.0573793 0.379485 2.02197 -0.292215 -0.460482 0.293851 0.218701 -0.349007
-0.41233 -0.487721 -1.03226 -0.260295 -0.369603 -0.331247 -0.752145 -0.110804 -0.521991 -0.6615760000000001 -0.787118 0.403347 -0.354604
-0.414615 -0.487721 -0.968124 -0.260295 -0.885158 0.159322 -0.723854 0.46947 -0.751767 -0.951388 0.034418 0.442999 -0.423166
-0.274828 -0.487721 -0.4361 -0.260295 -0.132954 -0.9295020000000001 1.04785 0.00435028 -0.636879 -0.596516 1.11539 0.223347 1.17194
-0.416735 -0.487721 -1.30483 -0.260295 -0.809092 0.96896 -0.801654 1.07737 -0.751767 -1.09925 0.120896 0.418473 -1.35784
-0.397458 -0.487721 -0.0789874 -0.260295 -0.547089 -0.115875 -0.921889 0.0742485 -0.636879 -0.773952 0.0776568 0.407668 -0.444154
-0.419226 1.87286 -1.29463 -0.260295 -1.39226 0.244407 -1.29321 1.66741 -0.9815430000000001 -0.637918 -1.34922 0.419445 -0.617658
-0.416373 2.94584 -1.09202 -0.260295 -1.36691 -0.522688 -1.74586 2.57395 -0.9815430000000001 -0.5492 -0.873596 0.424415 -0.474937
-0.357135 -0.487721 1.5681 -0.260295 0.593894 -0.157088 1.04078 -1.00465 -0.636879 0.172373 1.20186 0.442999 0.813744
0.241862 -0.487721 1.01567 -0.260295 0.247374 -0.206278 0.400703 -0.115069 1.66088 1.5268 0.769477 0.397404 0.326816
-0.356489 0.37067 -1.04392 -0.260295 0.788284 1.24549 0.817991 -0.880775 -0.521991 -0.850841 -2.34371 0.345652 -0.6358470000000001
0.60266 -0.487721 1.01567 -0.260295 0.255825 -0.936149 0.0753595 -0.817558 1.66088 1.5268 0.769477 -3.8058 0.631846
-0.351836 -0.487721 1.5681 -0.260295 0.593894 0.136721 1.04078 -0.6925 -0.636879 0.172373 1.20186 0.322639 -0.213283
-0.400553 -0.487721 -0.615384 -0.260295 -0.89361 -0.780603 -1.22601 0.621587 -0.751767 -1.03419 -0.225014 0.442999 -0.340612
-0.416655 -0.487721 -0.866092 -0.260295 -0.327344 -0.279398 -1.10224 0.485013 -0.521991 -1.08742 0.769477 0.434787 -0.578479
0.6486150000000001 -0.487721 1.01567 -0.260295 1.23623 -0.974703 1.11504 -1.04649 1.66088 1.5268 0.769477 0.442999 1.53294
-0.279991 -0.487721 1.2314 -0.260295 0.433312 -0.524018 0.924082 -0.645822 -0.521991 -0.028721 -1.60865 -0.687241 0.249859
-0.418231 0.263372 -1.42144 -0.260295 -1.16322 1.10988 -0.317175 2.57518 -0.751767 -1.13474 0.0776568 0.403455 -0.642844
0.353948 -0.487721 1.01567 -0.260295 1.3461 0.06360109999999999 0.513866 -0.499628 1.66088 1.5268 0.769477 0.442999 0.188293
-0.395588 0.45651 -0.768432 -0.260295 -1.03729 0.224465 -2.10656 1.70977 -0.292215 -0.460482 0.293851 0.228749 -1.2669
-0.34231 -0.487721 -0.4361 -0.260295 -0.132954 -0.606444 0.772019 0.423313 -0.636879 -0.596516 1.11539 0.226696 0.303029
1.65869 -0.487721 1.01567 -0.260295 0.991126 -0.0613676 1.11504 -1.13857 1.66088 1.5268 0.769477 0.408857 1.27829
-0.414705 0.41359 -0.8005 -0.260295 -0.969675 -0.360495 -1.66452 1.43397 -0.636879 -0.975047 -0.700641 0.442999 -0.589673
-0.404626 -0.487721 -0.0789874 -0.260295 -0.547089 -0.5027470000000001 -1.63269 0.0742485 -0.636879 -0.773952 0.0776568 0.442999 -0.248264
4.41236 -0.487721 1.01567 -0.260295 1.17706 -0.9813499999999999 0.598738 -1.0337 1.66088 1.5268 0.769477 -0.285645 2.06185
-0.416338 0.37067 -1.13721 -0.260295 -0.936713 2.06177 -0.140357 0.429332 -0.521991 -1.13474 -1.52218 0.339385 -1.24311
-0.33187 0.37067 -1.04392 -0.260295 0.788284 -0.942796 -0.200475 -0.854048 -0.521991 -0.850841 -2.34371 0.394379 -0.307031
-0.412519 -0.487721 -1.20134 -0.260295 -0.918965 1.52467 -0.211084 -0.139095 -0.866655 -0.779867 -0.181776 0.442999 -0.903098
-0.402027 -0.487721 -0.0469202 -0.260295 -1.18942 -0.409685 -1.80244 0.710157 -0.636879 -0.608345 0.337089 0.227344 -0.386786
-0.414985 -0.487721 0.116331 -0.260295 0.162856 -0.317952 0.436066 -0.608338 -0.9815430000000001 -0.797611 1.11539 0.442999 -0.6666299999999999
0.821403 -0.487721 1.01567 -0.260295 1.57429 0.252384 0.931154 -0.853384 1.66088 1.5268 0.769477 -3.38 1.58611
-0.408687 -0.487721 0.247515 -0.260295 -0.986579 0.0130818 0.213277 0.12486 -0.521991 -0.0582937 0.120896 0.191906 -0.0943494
-0.40904 -0.487721 2.11616 -0.260295 0.23047 -0.5187 0.966518 -0.844665 -0.866655 -1.30035 0.293851 0.253707 0.690613
-0.407942 -0.487721 -0.37488 -0.260295 -0.285085 -0.0985924 -0.497528 -0.479061 -0.521991 -0.141097 1.07215 0.406156 0.0497702
0.311257 -0.487721 1.01567 -0.260295 1.57429 0.095508 0.9877359999999999 -0.81353 1.66088 1.5268 0.769477 -0.409354 0.719997
0.665148 -0.487721 1.01567 -0.260295 1.3461 -0.111887 1.06907 -0.723682 1.66088 1.5268 0.769477 0.442999 0.76757
-0.410369 -0.487721 0.247515 -0.260295 -0.986579 -0.171712 -0.801654 0.143009 -0.521991 -0.0582937 0.120896 0.335604 -0.332217
-0.373718 -0.487721 -0.179562 -0.260295 -0.08224380000000001 0.150016 -0.0448762 -0.121419 -0.636879 -0.61426 -0.008820710000000001 0.424739 -0.319624
0.212698 -0.487721 1.01567 -0.260295 1.3461 0.512957 1.05139 -0.679326 1.66088 1.5268 0.769477 -0.00656902 0.711601
-0.349335 0.37067 -1.04392 -0.260295 0.788284 3.23701 0.651783 -0.941954 -0.521991 -0.850841 -2.34371 0.365208 -1.05281
0.441108 -0.487721 1.01567 -0.260295 0.365698 -0.867017 1.04078 -1.10606 1.66088 1.5268 0.769477 -0.445764 1.92472
-0.415926 -0.487721 -1.12554 -0.260295 -0.547089 0.180593 0.192059 -0.330119 -0.866655 -0.815354 -0.268253 0.406804 -0.621855
-0.286473 -0.487721 -0.4361 -0.260295 -0.132954 -0.755343 0.938227 -0.000720307 -0.636879 -0.596516 1.11539 0.03103 0.798353
-0.414656 1.01446 -0.73928 -0.260295 -0.978972 -0.748696 -1.41698 1.35151 -0.9815430000000001 -0.61426 -0.657402 0.411882 -0.0299853
-0.377537 -0.487721 -0.179562 -0.260295 -0.08224380000000001 0.395965 0.665929 -0.0883419 -0.636879 -0.61426 -0.008820710000000001 0.429925 -0.47074
0.257253 -0.487721 1.01567 -0.260295 -0.183665 -0.036108 -0.133285 -0.172741 1.66088 1.5268 0.769477 0.442999 -0.266453
1.19864 -0.487721 1.01567 -0.260295 1.3461 -0.08130950000000001 0.938227 -0.742353 1.66088 1.5268 0.769477 -2.758 0.353401
-0.409162 -0.487721 -0.753856 -0.260295 -0.462572 -0.569219 -0.249984 -0.194682 -0.521991 -0.762123 0.337089 0.234043 -0.172706
-0.415997 1.76556 -0.847143 -0.260295 -1.25703 -0.07998 -1.31442 1.6721 -0.407103 -0.67932 -0.787118 0.442999 -0.770173
-0.32852 -0.487721 -0.179562 -0.260295 -0.08224380000000001 -0.195643 -0.55411 -0.544221 -0.636879 -0.61426 -0.008820710000000001 0.442999 -0.932482
-0.40431 -0.487721 -1.03226 -0.260295 -0.369603 -0.926843 0.708365 -0.565167 -0.521991 -0.6615760000000001 -0.787118 0.442999 0.286238
-0.393821 -0.487721 -0.615384 -0.260295 -0.89361 -0.317952 0.602275 0.900707 -0.751767 -1.03419 -0.225014 0.398053 0.861318
-0.394653 -0.487721 -0.163528 -0.260295 -0.0568886 -0.235526 0.952373 -0.58796 -0.407103 0.142801 -0.268253 0.442999 0.622051
0.585511 -0.487721 1.01567 -0.260295 1.17706 -0.101251 0.853355 -0.9465980000000001 1.66088 1.5268 0.769477 0.442999 0.353401
-0.289399 -0.487721 1.2314 3.61372 2.68147 -1.67134 0.690683 -1.03237 -0.521991 -0.028721 -1.60865 -0.136329 -0.0733611
-0.41425 -0.487721 0.406394 -0.260295 -0.986579 0.372035 -0.617764 1.02913 -0.636879 -0.702978 -1.04655 0.399241 -0.735192
-0.416879 -0.487721 -0.9827 -0.260295 -0.94432 -0.339224 -0.706172 2.00211 -0.751767 -0.330362 0.164134 0.321342 -0.295837
0.239328 -0.487721 1.01567 3.61372 0.653057 0.5501819999999999 1.00188 -1.1525 1.66088 1.5268 0.769477 0.209949 -1.24731
-0.417957 2.08745 -1.19551 -0.260295 -1.29084 0.705728 -2.0712 1.15196 -0.9815430000000001 -0.844927 -1.21951 0.404859 -1.06541
0.0563232 -0.487721 1.2314 -0.260295 2.68147 -1.06511 1.11504 -1.12639 -0.521991 -0.028721 -1.60865 0.442999 1.92752
-0.405068 -0.487721 -0.37488 -0.260295 -0.285085 -0.555925 0.998345 -0.796992 -0.521991 -0.141097 1.07215 0.412206 0.5353
-0.417128 1.22906 -1.44039 -0.260295 -1.05419 0.890522 -1.20126 2.37103 -0.9815430000000001 -0.430909 0.553283 0.366828 -0.945075
-0.3868 -0.487721 -0.210171 -0.260295 0.264277 -1.1688 0.156695 -0.469204 -0.407103 -0.0996954 0.337089 0.442999 1.18874
0.139498 -0.487721 1.01567 -0.260295 1.3461 0.574112 0.76141 -0.564503 1.66088 1.5268 0.769477 -1.08765 0.528303
-0.37883 -0.487721 -0.718874 3.61372 -0.394958 0.9064759999999999 0.708365 -0.439302 -0.177327 -0.596516 -0.441208 0.386816 -0.410573
-0.344086 0.37067 -1.04392 -0.260295 0.788284 0.761565 1.11504 -0.84258 -0.521991 -0.850841 -2.34371 0.389301 -0.803754
4.90309 -0.487721 1.01567 -0.260295 1.17706 -2.32676 1.11504 -1.00962 1.66088 1.5268 0.769477 -2.89154 3.4051
-0.419766 0.284831 -1.28588 -0.260295 -0.132954 0.4066 -0.115603 0.142773 -0.9815430000000001 -0.6615760000000001 -1.34922 0.442999 -1.0724
0.49178 -0.487721 1.01567 -0.260295 0.855898 -0.07998 -0.10853 -0.391108 1.66088 1.5268 0.769477 0.442999 0.0805531
0.361257 -0.487721 1.01567 -0.260295 1.3461 0.637926 0.853355 -0.6943009999999999 1.66088 1.5268 0.769477 -3.84178 0.671024
-0.389153 -0.487721 -0.179562 -0.260295 -0.08224380000000001 -0.00420108 0.506793 -0.249226 -0.636879 -0.61426 -0.008820710000000001 0.405075 -0.663832
-0.281676 -0.487721 1.5681 -0.260295 0.593894 0.0755662 1.03371 -0.7192269999999999 -0.636879 0.172373 1.20186 0.442999 -0.053772
0.67231 -0.487721 1.01567 -0.260295 1.57429 -0.853723 0.899327 -0.934277 1.66088 1.5268 0.769477 0.442999 1.4322
0.195464 -0.487721 1.01567 -0.260295 1.23623 -0.290034 0.496184 -0.768132 1.66088 1.5268 0.769477 0.242903 0.855721
0.696176 -0.487721 1.01567 -0.260295 1.17706 0.179264 1.11504 -1.01872 1.66088 1.5268 0.769477 0.218377 1.0726
0.238908 -0.487721 1.01567 -0.260295 1.57429 -0.06668549999999999 1.11504 -0.845376 1.66088 1.5268 0.769477 0.429925 0.55209
-0.404729 0.0487738 -0.737823 -0.260295 -1.22323 -0.897595 -1.11992 1.28389 -0.636879 -0.371764 0.207373 0.442999 0.0623632
-0.230973 -0.487721 1.5681 -0.260295 0.593894 -1.66203 1.11504 -1.11331 -0.636879 0.172373 1.20186 0.442999 3.0455
2.91425 -0.487721 1.01567 -0.260295 0.365698 -1.48123 1.11504 -1.04223 1.66088 1.5268 0.769477 -1.56585 1.04042
-0.416514 -0.487721 -0.866092 -0.260295 -0.327344 -0.531995 -0.783972 0.683524 -0.521991 -1.08742 0.769477 0.442999 -0.39798
-0.393772 -0.487721 -0.0789874 -0.260295 -0.547089 0.0755662 -0.564719 0.268305 -0.636879 -0.773952 0.0776568 0.421066 -0.234271
-0.413274 1.22906 -1.44039 -0.260295 -1.05419 0.293597 -0.851162 2.37103 -0.9815430000000001 -0.430909 0.553283 0.442999 -0.932482
-0.412801 -0.487721 -1.15032 -0.260295 -0.792189 -0.533324 -1.50892 0.675705 -0.636879 0.130971 -0.657402 0.286768 -0.374193
2.14564 -0.487721 1.01567 -0.260295 1.57429 -0.599797 0.846282 -0.911056 1.66088 1.5268 0.769477 0.384115 1.32446
-0.413213 -0.487721 0.116331 -0.260295 0.162856 0.430531 0.0223143 -0.620848 -0.9815430000000001 -0.797611 1.11539 0.389949 -0.41617
-0.402932 -0.487721 -0.163528 -0.260295 -0.0568886 -0.329918 0.499721 -0.493467 -0.407103 0.142801 -0.268253 0.417176 -0.328019
-0.416295 2.94584 -0.901074 -0.260295 -1.20632 0.47972 -1.59379 0.629312 -0.636879 -0.963218 0.337089 0.442999 -1.11158
-0.396019 0.37067 -1.13721 -0.260295 -0.936713 0.721681 -1.2826 0.147843 -0.521991 -1.13474 -1.52218 0.442999 -1.09059
-0.391177 -0.487721 -0.0789874 -0.260295 -0.547089 -0.646328 0.149623 0.268305 -0.636879 -0.773952 0.0776568 0.36229 0.757775
0.481645 -0.487721 1.01567 -0.260295 1.3461 0.0423298 0.53862 -0.47655 1.66088 1.5268 0.769477 -0.904192 0.501718
-0.413915 -0.487721 -1.12554 -0.260295 -0.547089 0.980925 0.630565 -0.173926 -0.866655 -0.815354 -0.268253 0.442999 -0.999645
-0.169713 -0.487721 1.2314 -0.260295 2.68147 -0.852393 1.11504 -1.07673 -0.521991 -0.028721 -1.60865 -2.01639 0.560485
-0.135775 -0.487721 1.2314 -0.260295 2.68147 -1.32568 0.902864 -0.972567 -0.521991 -0.028721 -1.60865 -2.88765 0.489125
-0.416493 3.05314 -1.32669 -0.260295 -1.17252 -0.142464 -1.06334 1.17585 -0.866655 -0.35402 -1.60865 0.409181 -0.729595
-0.366626 -0.487721 -0.718874 -0.260295 -0.420313 1.51935 0.298149 -0.055549 -0.177327 -0.596516 -0.441208 0.218701 -1.03463
-0.305476 -0.487721 -0.4361 -0.260295 -0.132954 -0.606444 1.11504 0.145237 -0.636879 -0.596516 1.11539 0.4175 1.01243
-0.416963 -0.487721 -0.866092 -0.260295 -0.327344 -0.497429 -0.313638 0.865449 -0.521991 -1.08742 0.769477 0.420418 -0.291639
-0.250207 -0.487721 1.2314 -0.260295 0.433312 1.62172 0.789701 -0.86144 -0.521991 -0.028721 -1.60865 0.200226 -1.52715
-0.400519 0.585268 -0.874837 -0.260295 -0.851351 -0.403038 0.881646 1.43577 -0.177327 -0.732551 0.553283 0.239661 0.251258
-0.333192 -0.487721 -0.4361 -0.260295 -0.132954 -0.458875 0.9064 0.289488 -0.636879 -0.596516 1.11539 0.415231 0.511513
-0.399672 -0.487721 -0.210171 -0.260295 0.264277 -0.796556 -1.40283 -0.469204 -0.407103 -0.0996954 0.337089 0.403995 0.693411
-0.416417 3.58964 -1.23195 -0.260295 -1.16322 2.10564 -1.24723 0.629928 -0.636879 -1.08742 -1.60865 0.398485 -1.23611
-0.400131 -0.487721 -0.753856 -0.260295 -0.462572 -0.403038 -1.35332 0.0277603 -0.521991 -0.762123 0.337089 0.405508 -0.351806
-0.387968 -0.487721 -0.210171 -0.260295 0.264277 -0.456216 -0.914817 -0.666768 -0.407103 -0.0996954 0.337089 0.442999 0.132324
2.3315 -0.487721 1.01567 -0.260295 0.991126 0.147357 0.980663 -1.13857 1.66088 1.5268 0.769477 0.442999 1.54554
-0.336039 -0.487721 -0.4361 -0.260295 -0.132954 -0.720777 0.0364597 0.00368684 -0.636879 -0.596516 1.11539 0.378713 -0.190896
-0.409719 0.971544 -0.734908 -0.260295 -1.02039 0.300244 -1.77061 0.807019 -0.292215 -0.466397 -1.00331 0.299409 -0.556092
-0.386649 -0.487721 1.5681 -0.260295 0.593894 -0.126511 0.888718 -1.03157 -0.636879 0.172373 1.20186 0.347705 1.6113
-0.407749 -0.487721 0.116331 -0.260295 0.162856 0.697751 0.736656 -0.6633559999999999 -0.9815430000000001 -0.797611 1.11539 0.405724 -0.862521
0.0494583 -0.487721 1.01567 -0.260295 -0.183665 -0.0533909 0.786164 -0.326707 1.66088 1.5268 0.769477 0.426036 0.0315804
1.53593 -0.487721 1.01567 -0.260295 1.23623 -1.31903 1.04785 -1.11961 1.66088 1.5268 0.769477 0.442999 2.54178
-0.399807 -0.487721 -0.210171 -0.260295 0.264277 -0.930831 0.177913 -0.658143 -0.407103 -0.0996954 0.337089 0.43079 0.343606
-0.135444 -0.487721 1.2314 -0.260295 0.433312 0.176605 0.9453 -0.723255 -0.521991 -0.028721 -1.60865 -0.279378 -0.185299
-0.159553 -0.487721 1.2314 -0.260295 0.433312 -0.551936 0.825064 -0.64767 -0.521991 -0.028721 -1.60865 0.423659 -0.140524
-0.330547 -0.487721 -0.4361 -0.260295 -0.132954 0.300244 0.917009 0.315599 -0.636879 -0.596516 1.11539 0.346192 0.0217859
-0.415072 2.94584 -1.40103 -0.260295 -1.26549 1.11387 -1.127 1.66821 -0.866655 -0.466397 -2.51667 -0.0171573 -0.564487
1.2362 -0.487721 1.01567 -0.260295 1.17706 0.0981669 1.11504 -1.04948 1.66088 1.5268 0.769477 0.442999 1.074
-0.390344 -0.487721 1.5681 -0.260295 0.593894 -0.765979 0.973591 -0.947972 -0.636879 0.172373 1.20186 0.391246 0.636043
-0.410935 0.45651 -0.768432 -0.260295 -1.03729 0.914452 -2.18083 2.42534 -0.292215 -0.460482 0.293851 0.326204 -1.27529
-0.412164 -0.487721 2.11616 -0.260295 0.23047 -0.352518 0.552766 -0.754105 -0.866655 -1.30035 0.293851 0.235232 0.227471
-0.254669 -0.487721 1.2314 -0.260295 2.68147 0.320186 1.11504 -0.958587 -0.521991 -0.028721 -1.60865 0.09088590000000001 -0.735192
-0.397764 -0.487721 -0.0469202 -0.260295 -1.18942 -0.0321196 -2.20205 0.710157 -0.636879 -0.608345 0.337089 0.229829 -0.7142039999999999
-0.409837 -0.487721 -0.0469202 -0.260295 -1.18942 -0.271422 -2.14546 0.710157 -0.636879 -0.608345 0.337089 0.378281 -0.996846
-0.40368 0.0487738 -0.475455 -0.260295 -0.251278 -0.12917 0.977127 1.02444 -0.521991 -0.572858 -1.39246 0.442999 0.91029
-0.144859 -0.487721 1.2314 -0.260295 2.68147 -1.78567 0.962982 -1.10317 -0.521991 -0.028721 -1.60865 0.386924 2.36268
-0.376031 -0.487721 -0.718874 -0.260295 -0.420313 2.35425 0.637638 -0.271546 -0.177327 -0.596516 -0.441208 0.340141 -1.33126
-0.40968 -0.487721 2.11616 -0.260295 0.23047 -0.409685 0.863964 -0.806469 -0.866655 -1.30035 0.293851 0.239769 0.739586
-0.416117 2.94584 -1.40103 -0.260295 -1.26549 1.33589 -1.06688 1.66821 -0.866655 -0.466397 -2.51667 0.392218 -0.842932
-0.418827 2.08745 -1.19551 -0.260295 -1.29084 0.445155 -1.75647 1.15196 -0.9815430000000001 -0.844927 -1.21951 0.224751 -1.15636
